100 10 0.649351 57.8282 12.0675
100 10 0.568908 63.3539 12.3557
100 10 0.452802 58.9089 11.6503
100 10 0.499493 57.6435 12.1567
100 10 0.440644 65.1639 12.1606
100 10 0.73261 69.4108 12.1274
100 10 0.575452 62.1434 11.6904
100 10 0.446921 56.0784 12.1023
100 10 0.630473 58.5908 11.9134
100 10 0.471306 61.4154 12.3091
100 20 0.198392 31.5035 7.79801
100 20 0.220414 32.2201 7.6527
100 20 0.225516 30.0793 7.58805
100 20 0.228363 33.6245 7.72927
100 20 0.250863 32.3651 7.65088
100 20 0.230859 30.8156 7.73402
100 20 0.232136 30.5712 7.62813
100 20 0.209631 31.2597 7.64819
100 20 0.22182 30.5566 7.52262
100 20 0.223997 30.993 7.60624
100 30 0 1.40938 0.582281
100 30 0 1.39927 0.586453
100 30 0 1.22367 0.588687
100 30 0 1.41201 0.586513
100 30 0 1.12738 0.591923
100 30 0 1.16296 0.617153
100 30 0 1.18401 0.547961
100 30 0 1.1359 0.620943
100 30 0 1.40518 0.575284
100 30 0 1.18394 0.50126
100 40 0 0.89483 0.356927
100 40 0 0.926051 0.314101
100 40 0 0.899569 0.331797
100 40 0 0.896274 0.358539
100 40 0 0.90269 0.350655
100 40 0 0.785372 0.355907
100 40 0 0.825353 0.351889
100 40 0 0.987672 0.343798
100 40 0 0.857852 0.356609
100 40 0 0.988943 0.347434
100 50 0 0.725893 0.277816
100 50 0 0.677877 0.290876
100 50 0 0.697439 0.288451
100 50 0 0.67376 0.316461
100 50 0 0.739549 0.28585
100 50 0 0.68736 0.290568
100 50 0 0.716425 0.253811
100 50 0 0.728285 0.286337
100 50 0 0.664917 0.305793
100 50 0 0.673547 0.324908
100 60 0 0.586713 0.25002
100 60 0 0.630879 0.24372
100 60 0 0.657774 0.232277
100 60 0 0.622897 0.23668
100 60 0 0.577279 0.261282
100 60 0 0.576387 0.255863
100 60 0 0.659935 0.233795
100 60 0 0.583348 0.266208
100 60 0 0.562002 0.275802
100 60 0 0.658348 0.232762
100 70 0 0.598603 0.197316
100 70 0 0.609799 0.199024
100 70 0 0.568561 0.18966
100 70 0 0.61599 0.198574
100 70 0 0.529106 0.210523
100 70 0 0.529086 0.194432
100 70 0 0.528169 0.200508
100 70 0 0.608558 0.20052
100 70 0 0.528562 0.208132
100 70 0 0.608779 0.197347
100 80 0 0.497301 0.185514
100 80 0 0.442862 0.194584
100 80 0 0.452245 0.211807
100 80 0 0.485037 0.183442
100 80 0 0.466912 0.18061
100 80 0 0.488485 0.179806
100 80 0 0.520812 0.186633
100 80 0 0.529171 0.183939
100 80 0 0.494935 0.186386
100 80 0 0.516947 0.174004
100 90 0 0.479326 0.174561
100 90 0 0.521142 0.176065
100 90 0 0.508137 0.173029
100 90 0 0.460692 0.172645
100 90 0 0.512538 0.176126
100 90 0 0.497946 0.175092
100 90 0 0.519626 0.17603
100 90 0 0.490642 0.176135
100 90 0 0.512396 0.174153
100 90 0 0.462209 0.175789
100 100 0 0.496721 0.174611
100 100 0 0.466845 0.172599
100 100 0 0.476086 0.172178
100 100 0 0.498671 0.173174
100 100 0 0.452617 0.171731
100 100 0 0.501389 0.174368
100 100 0 0.43366 0.18176
100 100 0 0.416099 0.163952
100 100 0 0.423386 0.181657
100 100 0 0.448598 0.178539
100 110 0 0.449675 0.165388
100 110 0 0.481395 0.173588
100 110 0 0.47667 0.170797
100 110 0 0.446161 0.172402
100 110 0 0.432763 0.157932
100 110 0 0.473805 0.170495
100 110 0 0.454618 0.167502
100 110 0 0.443886 0.160906
100 110 0 0.419611 0.161633
100 110 0 0.475237 0.169596
100 120 0 0.404052 0.158119
100 120 0 0.464668 0.171552
100 120 0 0.425579 0.162472
100 120 0 0.462851 0.171735
100 120 0 0.397828 0.157245
100 120 0 0.442276 0.164934
100 120 0 0.419345 0.157127
100 120 0 0.425822 0.163769
100 120 0 0.431664 0.164671
100 120 0 0.450981 0.161622
150 10 0.625966 69.9625 17.2387
150 10 0.628514 69.4304 16.7591
150 10 0.627514 73.8628 16.901
150 10 0.700726 76.4173 17.2941
150 10 0.626576 69.6914 16.9726
150 10 0.72312 72.4241 16.7705
150 10 0.743231 73.6396 17.0725
150 10 0.688922 74.7326 17.1257
150 10 0.694473 67.7898 17.2104
150 10 0.652767 69.8831 17.2398
150 20 0.437892 40.711 9.90967
150 20 0.456232 42.0774 10.1856
150 20 0.44882 42.2526 10.2824
150 20 0.440774 39.327 9.87799
150 20 0.458981 40.9086 10.2982
150 20 0.417694 40.6898 10.3653
150 20 0.495366 42.8217 10.0897
150 20 0.466922 39.844 10.0985
150 20 0.427734 42.4895 10.1944
150 20 0.519171 43.1597 10.157
150 30 0.276127 30.3021 7.9679
150 30 0.247065 30.2263 7.89477
150 30 0.264247 30.1306 7.8973
150 30 0.270895 29.0609 7.81701
150 30 0.255409 29.6185 7.82929
150 30 0.263596 32.0952 7.89768
150 30 0.253583 29.461 7.81751
150 30 0.256221 29.5242 7.9951
150 30 0.249168 29.5432 7.92495
150 30 0.255394 30.7984 7.94743
150 40 0 1.79786 1.02548
150 40 0 1.88194 1.21056
150 40 0 1.84884 0.999966
150 40 0 2.00032 1.24369
150 40 0 2.11712 1.19825
150 40 0 1.79987 1.00705
150 40 0 2.03591 1.25544
150 40 0 1.87304 1.18519
150 40 0 2.1372 1.16484
150 40 0 1.98768 1.1354
150 50 0 1.07416 0.435317
150 50 0 1.10687 0.449252
150 50 0 1.04377 0.486491
150 50 0 1.12737 0.438259
150 50 0 1.11848 0.44523
150 50 0 1.23652 0.473966
150 50 0 1.09423 0.477501
150 50 0 1.1097 0.476311
150 50 0 1.12685 0.442804
150 50 0 1.03928 0.491643
150 60 0 0.995469 0.373604
150 60 0 0.967172 0.393617
150 60 0 0.92254 0.362412
150 60 0 0.943184 0.377672
150 60 0 0.950211 0.360497
150 60 0 0.801286 0.345183
150 60 0 0.996812 0.364086
150 60 0 0.943578 0.376617
150 60 0 0.926598 0.348608
150 60 0 1.00886 0.383422
150 70 0 0.910359 0.317934
150 70 0 0.789632 0.344522
150 70 0 0.84893 0.316841
150 70 0 0.915821 0.313251
150 70 0 0.882953 0.318639
150 70 0 0.83357 0.333168
150 70 0 0.798458 0.321884
150 70 0 0.866561 0.325098
150 70 0 0.913435 0.318963
150 70 0 0.890383 0.321114
150 80 0 0.719289 0.293217
150 80 0 0.734701 0.277052
150 80 0 0.724638 0.283223
150 80 0 0.804367 0.274606
150 80 0 0.805611 0.26968
150 80 0 0.684907 0.302764
150 80 0 0.719977 0.295487
150 80 0 0.677916 0.314153
150 80 0 0.809403 0.273501
150 80 0 0.733906 0.280294
150 90 0 0.709119 0.252003
150 90 0 0.735852 0.256759
150 90 0 0.651852 0.290987
150 90 0 0.645197 0.272624
150 90 0 0.739771 0.253846
150 90 0 0.705361 0.260001
150 90 0 0.675736 0.270176
150 90 0 0.690132 0.266933
150 90 0 0.674123 0.270276
150 90 0 0.717886 0.258331
150 100 0 0.627037 0.287879
150 100 0 0.693356 0.259407
150 100 0 0.729744 0.252202
150 100 0 0.621589 0.260165
150 100 0 0.716109 0.249153
150 100 0 0.653033 0.246806
150 100 0 0.678928 0.253804
150 100 0 0.677812 0.261288
150 100 0 0.668378 0.257298
150 100 0 0.697348 0.24768
150 110 0 0.621847 0.2566
150 110 0 0.690846 0.261823
150 110 0 0.61942 0.255219
150 110 0 0.643582 0.244436
150 110 0 0.598832 0.281823
150 110 0 0.623922 0.269452
150 110 0 0.697871 0.246867
150 110 0 0.660547 0.24794
150 110 0 0.65187 0.263301
150 110 0 0.613686 0.251259
150 120 0 0.688914 0.249574
150 120 0 0.6657 0.246565
150 120 0 0.613384 0.268701
150 120 0 0.649241 0.246341
150 120 0 0.683683 0.250945
150 120 0 0.691345 0.250124
150 120 0 0.650519 0.247883
150 120 0 0.669519 0.249475
150 120 0 0.657743 0.245963
150 120 0 0.588773 0.281911
200 10 0.88382 94.1649 22.9983
200 10 0.695476 82.529 22.3501
200 10 0.707455 81.5518 23.078
200 10 0.91765 97.2387 22.8648
200 10 0.804989 83.6766 22.429
200 10 0.769659 79.3348 22.19
200 10 0.736501 83.139 22.5754
200 10 1.33554 107.046 24.2482
200 10 0.760341 83.2128 22.425
200 10 1.04056 96.8012 23.1794
200 20 0.538152 48.0158 12.8136
200 20 0.531746 49.2533 12.6858
200 20 0.635319 53.0735 12.9842
200 20 0.542401 52.334 13.097
200 20 0.636212 53.2142 13.051
200 20 0.714769 52.067 12.6889
200 20 0.695527 52.8229 12.9288
200 20 0.579585 47.5303 12.6793
200 20 0.556172 52.3213 13.1105
200 20 0.695262 54.1241 12.8817
200 30 0.400602 38.8789 9.96845
200 30 0.439291 37.7063 9.76988
200 30 0.440079 37.2805 9.8721
200 30 0.411337 38.603 9.8883
200 30 0.44384 40.4804 9.86758
200 30 0.494124 38.3379 9.83366
200 30 0.3945 37.1407 9.93545
200 30 0.451968 37.5248 9.8216
200 30 0.443436 39.4482 9.92556
200 30 0.459561 38.5094 9.86165
200 40 0.27674 27.993 8.10219
200 40 0.227978 30.5748 8.30146
200 40 0.267232 29.3074 8.2654
200 40 0.262095 28.5309 8.09948
200 40 0.261453 29.4767 8.15988
200 40 0.256461 28.4019 8.09758
200 40 0.266553 27.9678 8.08334
200 40 0.254393 29.1871 8.09746
200 40 0.245393 29.9342 8.32919
200 40 0.263833 27.9988 8.07491
200 50 0 6.4863 3.42159
200 50 0 8.14539 4.2189
200 50 0 7.05438 3.70121
200 50 0 7.4447 3.83543
200 50 0 6.47666 3.42485
200 50 0 6.75725 3.62768
200 50 0 6.79241 3.63313
200 50 0 7.9187 4.14227
200 50 0 6.98261 3.63828
200 50 0 7.05081 3.7332
200 60 0 1.33236 0.70594
200 60 0 1.4205 0.619541
200 60 0 1.28531 0.588513
200 60 0 1.33849 0.723001
200 60 0 1.41884 0.67134
200 60 0 1.37388 0.601679
200 60 0 1.39323 0.583315
200 60 0 1.38252 0.696148
200 60 0 1.20486 0.648057
200 60 0 1.54858 0.727444
200 70 0 1.14023 0.435073
200 70 0 1.08645 0.422909
200 70 0 1.22781 0.448461
200 70 0 1.18494 0.44755
200 70 0 1.11706 0.46531
200 70 0 1.18828 0.446416
200 70 0 1.23818 0.450216
200 70 0 1.20161 0.455694
200 70 0 1.00608 0.465637
200 70 0 0.997992 0.477743
200 80 0 0.935845 0.426975
200 80 0 1.04485 0.386347
200 80 0 1.06728 0.381475
200 80 0 1.05007 0.385458
200 80 0 0.960215 0.384347
200 80 0 1.04899 0.38624
200 80 0 1.05465 0.380391
200 80 0 0.961811 0.417642
200 80 0 0.959585 0.371964
200 80 0 0.863712 0.431542
200 90 0 0.948969 0.356326
200 90 0 0.991789 0.353936
200 90 0 0.983297 0.354031
200 90 0 0.866879 0.372907
200 90 0 0.85809 0.38711
200 90 0 0.960701 0.356203
200 90 0 0.951246 0.360232
200 90 0 0.858985 0.323761
200 90 0 0.918738 0.360311
200 90 0 0.93875 0.351771
200 100 0 0.870227 0.358977
200 100 0 0.870693 0.351824
200 100 0 0.919257 0.347656
200 100 0 0.822659 0.350316
200 100 0 0.9212 0.34709
200 100 0 0.854922 0.370325
200 100 0 0.888849 0.342128
200 100 0 0.806288 0.333729
200 100 0 0.885876 0.343428
200 100 0 0.943284 0.347932
200 110 0 0.824506 0.379255
200 110 0 0.800525 0.36873
200 110 0 0.895266 0.346111
200 110 0 0.896329 0.342976
200 110 0 0.858016 0.360603
200 110 0 0.783809 0.38438
200 110 0 0.880178 0.350623
200 110 0 0.827334 0.357711
200 110 0 0.836736 0.359541
200 110 0 0.854471 0.34713
200 120 0 0.807786 0.346413
200 120 0 0.878221 0.343158
200 120 0 0.89501 0.346523
200 120 0 0.86516 0.344053
200 120 0 0.895584 0.346754
200 120 0 0.903324 0.344068
200 120 0 0.803292 0.375251
200 120 0 0.869036 0.348828
200 120 0 0.814322 0.350259
200 120 0 0.856756 0.35018
250 10 1.08304 127.533 30.4068
250 10 0.789763 92.5825 26.1604
250 10 0.797029 104.639 28.626
250 10 0.748306 91.2795 27.1427
250 10 0.80025 90.9404 26.1623
250 10 0.830128 86.319 25.6133
250 10 0.733753 89.1836 26.3025
250 10 0.810459 83.9108 25.331
250 10 0.781725 86.1871 25.5018
250 10 0.810992 88.3831 26.0858
250 20 0.633503 53.309 14.7382
250 20 0.829025 57.9413 14.9087
250 20 0.629256 53.7404 14.9339
250 20 0.708267 60.018 15.1608
250 20 0.639347 56.2787 15.0607
250 20 0.631066 58.0115 14.9529
250 20 0.830958 62.6085 15.0063
250 20 0.876268 62.0772 14.8971
250 20 0.611992 51.0076 13.8866
250 20 0.632007 54.1004 14.7692
250 30 0.519889 46.2423 11.3187
250 30 0.507251 45.9763 11.4196
250 30 0.48688 39.2427 11.0731
250 30 0.483927 38.5006 11.0347
250 30 0.483293 42.4461 11.2617
250 30 0.478661 39.8469 11.1765
250 30 0.532465 41.6461 11.1858
250 30 0.550886 43.4972 11.0462
250 30 0.530542 42.1174 11.3006
250 30 0.580124 41.4463 11.144
250 40 0.378687 33.032 9.01292
250 40 0.379188 33.8812 9.18721
250 40 0.353405 33.1871 9.13329
250 40 0.359706 33.5962 9.12794
250 40 0.361193 33.3458 9.37805
250 40 0.36968 33.0191 9.06163
250 40 0.382475 34.628 9.2685
250 40 0.384702 33.7872 9.18398
250 40 0.379237 34.5873 9.13837
250 40 0.375068 33.697 9.14601
250 50 0.284622 28.108 7.75827
250 50 0.27711 27.9226 7.75936
250 50 0.279228 28.8408 7.7577
250 50 0.287608 28.8585 7.84588
250 50 0.27928 29.1705 7.79486
250 50 0.273474 28.6386 7.87865
250 50 0.288537 28.586 7.69643
250 50 0.279928 28.1891 7.79747
250 50 0.271995 29.2192 7.88025
250 50 0.249571 29.4692 7.94347
250 60 0.0591882 22.572 6.9663
250 60 0.0576297 21.9703 6.92166
250 60 0.0801876 23.4341 6.99078
250 60 0.069954 21.0507 6.81021
250 60 0.0550548 21.2202 6.85379
250 60 0.0962046 21.3289 6.72541
250 60 0.0555657 21.3956 6.83911
250 60 0.0653557 21.7921 6.88019
250 60 0.0746778 21.7032 6.76643
250 60 0.0675212 22.1796 6.88904
250 70 0 1.52158 0.695859
250 70 0 1.58287 0.710378
250 70 0 1.63257 0.846555
250 70 0 1.4303 0.633748
250 70 0 1.6372 0.828452
250 70 0 1.69125 0.762063
250 70 0 1.70675 0.760174
250 70 0 1.50962 0.68528
250 70 0 1.7079 0.776902
250 70 0 1.47804 0.678848
250 80 0 1.1602 0.503039
250 80 0 1.25846 0.489405
250 80 0 1.20904 0.462507
250 80 0 1.28892 0.481864
250 80 0 1.31958 0.495699
250 80 0 1.30156 0.48788
250 80 0 1.32827 0.492891
250 80 0 1.18999 0.45801
250 80 0 1.33412 0.485073
250 80 0 1.23692 0.474562
250 90 0 1.20735 0.445292
250 90 0 1.21272 0.447635
250 90 0 1.19162 0.446383
250 90 0 1.09038 0.457667
250 90 0 1.10694 0.419395
250 90 0 1.19298 0.439527
250 90 0 1.08629 0.457083
250 90 0 1.03147 0.41619
250 90 0 1.20799 0.443753
250 90 0 1.17999 0.438334
250 100 0 1.06331 0.446959
250 100 0 1.14821 0.43198
250 100 0 1.05464 0.43317
250 100 0 1.11403 0.431332
250 100 0 0.990445 0.447827
250 100 0 1.13277 0.431908
250 100 0 1.05361 0.442682
250 100 0 1.08303 0.434823
250 100 0 1.13499 0.436903
250 100 0 1.04821 0.436014
250 110 0 1.06129 0.438195
250 110 0 0.905128 0.473049
250 110 0 1.11291 0.441836
250 110 0 1.05248 0.437941
250 110 0 1.02584 0.440664
250 110 0 0.994749 0.429775
250 110 0 0.990901 0.418178
250 110 0 1.02827 0.445025
250 110 0 1.02397 0.436619
250 110 0 1.00802 0.449049
250 120 0 1.07762 0.446626
250 120 0 1.06931 0.445795
250 120 0 1.03121 0.449232
250 120 0 1.09165 0.442775
250 120 0 1.06752 0.445904
250 120 0 1.08296 0.443016
250 120 0 1.08273 0.444077
250 120 0 0.991972 0.425719
250 120 0 1.01874 0.417316
250 120 0 1.02132 0.454809
300 10 0.777701 88.4809 28.8195
300 10 0.850376 84.5839 28.7253
300 10 0.780194 91.1427 29.6134
300 10 0.828702 89.895 29.1908
300 10 0.849565 92.9175 29.7817
300 10 0.752127 102.967 32.2937
300 10 0.716411 92.7972 30.3258
300 10 0.821099 96.8198 30.4107
300 10 0.712735 98.3269 30.6667
300 10 0.73573 92.8649 30.286
300 20 0.699887 60.1938 16.8888
300 20 1.02 67.9403 17.1398
300 20 0.956039 74.1116 17.741
300 20 0.712608 63.2177 17.1877
300 20 0.8349 63.6373 16.9719
300 20 0.695479 55.5914 16.194
300 20 0.684072 58.3025 16.9862
300 20 0.773084 56.0996 16.2836
300 20 0.816661 63.0302 16.8287
300 20 0.744105 60.8513 17
300 30 0.56189 43.1958 12.9113
300 30 0.740331 53.4565 13.1356
300 30 0.57247 42.9396 12.7211
300 30 0.572546 45.3018 12.7494
300 30 0.728488 54.6571 12.9416
300 30 0.62284 50.8606 13.0592
300 30 0.561716 42.8497 12.7355
300 30 0.529692 48.5395 13.1977
300 30 0.530477 47.6733 13.0811
300 30 0.56588 45.5385 12.8247
300 40 0.456855 38.1391 10.6456
300 40 0.444802 35.486 10.4455
300 40 0.523533 38.6378 10.5216
300 40 0.501695 35.8112 10.3236
300 40 0.549401 37.282 10.4144
300 40 0.46854 36.932 10.6076
300 40 0.487972 37.2662 10.5922
300 40 0.62341 44.0208 10.5789
300 40 0.458985 37.8862 10.5723
300 40 0.514319 38.5877 10.4053
300 50 0.353464 33.1936 9.01907
300 50 0.380595 32.9117 9.02419
300 50 0.431847 32.7144 8.86336
300 50 0.339437 32.1225 8.94487
300 50 0.389056 30.9459 8.85114
300 50 0.353226 31.4116 8.90801
300 50 0.37843 32.3988 8.82799
300 50 0.365113 32.6262 8.9103
300 50 0.336156 32.6053 9.06257
300 50 0.353858 31.7292 8.97244
300 60 0.259962 29.7561 8.03047
300 60 0.242273 30.1727 8.11193
300 60 0.244448 31.2382 8.22341
300 60 0.253715 29.3064 7.99362
300 60 0.27292 30.0617 8.01808
300 60 0.269668 28.3687 7.88116
300 60 0.266031 29.5748 8.05487
300 60 0.243371 30.9237 8.10358
300 60 0.288316 29.596 7.91866
300 60 0.249587 30.4501 8.10601
300 70 0.125804 22.8501 7.22962
300 70 0.148425 22.1248 7.07597
300 70 0.106318 22.0064 7.26294
300 70 0.136572 21.908 7.20324
300 70 0.137128 22.2236 7.17757
300 70 0.15585 23.5433 7.28622
300 70 0.154292 23.1872 7.19989
300 70 0.154917 22.7288 7.21042
300 70 0.127675 20.9153 7.11463
300 70 0.149688 22.4415 7.10377
300 80 0 1.91832 1.1416
300 80 0 2.02288 1.06341
300 80 0 1.8975 1.14814
300 80 0 2.0354 1.0485
300 80 0 1.69057 0.890084
300 80 0 2.04003 1.06235
300 80 0 1.8365 1.00906
300 80 0 1.95057 1.0428
300 80 0 1.92906 1.01562
300 80 0 1.84487 0.974607
300 90 0 1.34374 0.576324
300 90 0 1.50486 0.668902
300 90 0 1.54881 0.667763
300 90 0 1.49578 0.663438
300 90 0 1.52619 0.667181
300 90 0 1.32024 0.594732
300 90 0 1.4286 0.591144
300 90 0 1.43424 0.605231
300 90 0 1.44074 0.595856
300 90 0 1.34777 0.586269
300 100 0 1.28628 0.581254
300 100 0 1.25468 0.547962
300 100 0 1.3604 0.621623
300 100 0 1.34966 0.615378
300 100 0 1.35952 0.593453
300 100 0 1.24979 0.615243
300 100 0 1.32119 0.549921
300 100 0 1.35769 0.609192
300 100 0 1.33533 0.561233
300 100 0 1.32419 0.65047
300 110 0 1.33976 0.60551
300 110 0 1.37006 0.600715
300 110 0 1.32693 0.60882
300 110 0 1.23616 0.607159
300 110 0 1.2584 0.590049
300 110 0 1.21754 0.57114
300 110 0 1.30589 0.612052
300 110 0 1.32437 0.604153
300 110 0 1.34718 0.607457
300 110 0 1.3274 0.60385
300 120 0 1.27308 0.622038
300 120 0 1.23264 0.580942
300 120 0 1.33753 0.607669
300 120 0 1.34551 0.610875
300 120 0 1.32797 0.60756
300 120 0 1.29366 0.58269
300 120 0 1.28336 0.620942
300 120 0 1.23216 0.613448
300 120 0 1.20955 0.595233
300 120 0 1.22023 0.568553
350 10 0.795479 102.761 34.7205
350 10 0.77728 104.357 35.2819
350 10 0.786008 96.1134 33.5178
350 10 0.824054 106.661 35.5663
350 10 0.774368 102.582 35.647
350 10 0.829557 97.877 32.6347
350 10 0.826289 106.121 34.9498
350 10 0.765681 104.856 34.8309
350 10 0.7309 206.927 46.8585
350 10 0.802107 114.053 36.7961
350 20 0.77698 65.4021 19.8787
350 20 0.718988 64.3054 19.8291
350 20 0.776193 70.4752 20.3454
350 20 0.755925 64.9331 19.1249
350 20 0.755965 63.3682 19.3293
350 20 0.709216 63.5596 19.4515
350 20 0.880554 65.4095 19.7925
350 20 0.775561 61.7149 19.0384
350 20 0.738646 60.2592 19.1275
350 20 0.796745 63.3062 19.2524
350 30 0.643904 46.5941 14.4652
350 30 0.642352 46.3973 14.1098
350 30 0.571443 47.2691 14.1679
350 30 0.732823 52.3982 14.6311
350 30 0.631505 49.7835 14.3817
350 30 0.62708 48.522 14.4162
350 30 0.658015 48.5148 14.4816
350 30 0.614537 47.3032 14.4585
350 30 0.67158 50.9377 14.544
350 30 0.609505 48.7442 14.569
350 40 0.575483 40.6248 11.9184
350 40 0.518338 41.5762 11.8557
350 40 0.55241 38.9346 11.7083
350 40 0.582206 39.6708 11.8159
350 40 0.532793 43.2911 12.0214
350 40 0.498167 43.7055 12.1847
350 40 0.562898 42.0492 11.9793
350 40 0.568862 41.8424 11.8392
350 40 0.540251 45.311 12.0565
350 40 0.558316 43.0575 11.9544
350 50 0.412128 36.185 10.0802
350 50 0.514954 36.8831 10.2122
350 50 0.461727 37.6529 10.1918
350 50 0.534264 40.3033 10.2094
350 50 0.446607 36.5222 10.1322
350 50 0.457062 36.1302 9.95162
350 50 0.472538 37.5995 10.2042
350 50 0.42611 36.7365 10.2035
350 50 0.498708 39.8058 10.2623
350 50 0.453216 34.8874 10.1276
350 60 0.298677 34.9764 9.31073
350 60 0.328899 35.08 9.01787
350 60 0.324381 31.9423 8.97254
350 60 0.320166 32.5735 8.9979
350 60 0.351569 34.5668 9.0548
350 60 0.318023 32.8995 9.02118
350 60 0.343169 35.4622 9.07366
350 60 0.299156 33.4687 8.98079
350 60 0.291569 37.5729 9.38427
350 60 0.305757 35.4229 9.23833
350 70 0.260039 26.2343 8.04454
350 70 0.273474 26.469 8.09552
350 70 0.255627 27.2518 8.15405
350 70 0.271019 26.6097 8.1441
350 70 0.257018 26.1709 8.05192
350 70 0.249347 27.1716 8.20355
350 70 0.267025 26.2344 8.03668
350 70 0.264419 27.1521 8.15651
350 70 0.276494 26.7125 8.08803
350 70 0.265956 27.7043 8.18157
350 80 0.152883 24.7569 7.55476
350 80 0.198957 24.5766 7.41995
350 80 0.185579 23.689 7.4019
350 80 0.16675 24.796 7.43118
350 80 0.166412 22.9007 7.38103
350 80 0.196786 25.1194 7.46576
350 80 0.157711 25.7598 7.59058
350 80 0.200689 24.6371 7.44281
350 80 0.177514 24.6849 7.45543
350 80 0.175969 23.8271 7.39701
350 90 0 2.57786 1.66589
350 90 0 2.87964 1.72737
350 90 0 2.92495 1.70711
350 90 0 2.71477 1.70239
350 90 0 2.55797 1.63248
350 90 0 2.66761 1.61429
350 90 0 2.39615 1.54831
350 90 0 2.92296 1.72028
350 90 0 2.96051 1.75944
350 90 0 2.89235 1.71265
350 100 0 2.06112 1.16693
350 100 0 1.76639 1.09996
350 100 0 2.05295 1.16862
350 100 0 1.98379 1.17949
350 100 0 1.76619 0.995213
350 100 0 1.98712 1.18866
350 100 0 1.83834 1.08472
350 100 0 2.06156 1.17315
350 100 0 2.03361 1.15814
350 100 0 2.01362 1.16872
350 110 0 1.77263 1.00371
350 110 0 1.65328 1.00716
350 110 0 1.77176 1.10191
350 110 0 1.85091 1.08294
350 110 0 1.7837 1.11996
350 110 0 1.66787 1.06858
350 110 0 1.67881 1.02147
350 110 0 1.75318 1.07766
350 110 0 1.69394 1.01481
350 110 0 1.82177 1.0857
350 120 0 1.67288 1.02321
350 120 0 1.70329 1.0519
350 120 0 1.76368 1.06685
350 120 0 1.72984 1.06586
350 120 0 1.72747 1.01737
350 120 0 1.8059 1.06507
350 120 0 1.78462 1.0961
350 120 0 1.85948 1.08137
350 120 0 1.81524 1.07662
350 120 0 1.69857 1.03498
400 10 0.866094 182.128 52.7194
400 10 0.800025 130.366 44.1504
400 10 0.784738 137.992 46.4438
400 10 0.788887 130.6 42.834
400 10 0.876189 113.149 40.0912
400 10 1.04282 162.122 46.6948
400 10 0.844574 119.933 41.6838
400 10 0.860262 119.958 41.339
400 10 0.79972 116.4 40.3795
400 10 0.71169 155.562 46.5601
400 20 0.890442 80.1715 23.5898
400 20 0.791732 72.6145 23.4349
400 20 0.72166 76.0312 23.9431
400 20 0.772485 70.1915 22.5133
400 20 0.662241 79.5897 23.9965
400 20 0.952648 83.9244 24.1067
400 20 0.815928 70.3222 22.5711
400 20 0.718647 76.827 23.5858
400 20 0.721015 76.8614 23.4752
400 20 0.843982 75.5603 23.2326
400 30 0.816257 63.5398 16.8193
400 30 0.684892 60.5438 16.5458
400 30 0.723141 54.5813 16.0683
400 30 0.676945 58.8914 16.7442
400 30 0.744023 53.9808 16.3468
400 30 0.611423 53.6935 16.5399
400 30 0.753275 56.0443 16.5251
400 30 0.770473 62.9651 17.2067
400 30 0.707754 63.3852 16.8762
400 30 0.6844 53.6721 16.4955
400 40 0.558637 41.0143 12.8071
400 40 0.719336 49.1921 13.0627
400 40 0.919511 53.5782 13.3947
400 40 0.592051 43.7188 13.0966
400 40 0.615313 44.6748 13.2008
400 40 0.556818 47.3161 13.5005
400 40 0.596917 46.0528 13.2216
400 40 0.59166 42.4399 13.1008
400 40 0.598353 42.7049 13.2154
400 40 0.645682 44.4267 13.1997
400 50 0.568902 40.5959 11.29
400 50 0.585792 37.7761 10.9688
400 50 0.516641 37.8121 11.0815
400 50 0.519218 42.4245 11.5002
400 50 0.516791 37.4396 11.1856
400 50 0.501993 39.7162 11.3369
400 50 0.528373 40.0025 11.341
400 50 0.498811 38.2067 11.3458
400 50 0.529707 38.7763 11.2117
400 50 0.510237 37.4955 11.2747
400 60 0.410365 35.4506 9.83529
400 60 0.410426 37.5811 10.0635
400 60 0.41549 34.6115 9.91118
400 60 0.418494 38.6264 10.1891
400 60 0.424599 36.6589 10.0449
400 60 0.409228 37.3659 10.114
400 60 0.419391 41.4912 10.3327
400 60 0.422161 41.3468 10.126
400 60 0.345887 38.5556 10.333
400 60 0.44337 37.2121 10.0266
400 70 0.339015 29.2293 8.8186
400 70 0.337385 30.8448 9.04758
400 70 0.33148 30.4357 9.026
400 70 0.347767 29.5354 8.91208
400 70 0.288488 30.4692 9.27519
400 70 0.335097 30.6671 8.98201
400 70 0.336081 29.5797 8.84661
400 70 0.326313 28.7877 8.9312
400 70 0.313826 29.1151 9.05994
400 70 0.353869 29.9903 8.90824
400 80 0.251697 28.8489 8.44799
400 80 0.255177 27.9901 8.31439
400 80 0.279746 29.1894 8.32117
400 80 0.275735 27.7442 8.4017
400 80 0.274391 27.166 8.11645
400 80 0.269637 27.3286 8.27709
400 80 0.271218 28.6615 8.30284
400 80 0.264305 28.2596 8.30598
400 80 0.248412 28.8459 8.34666
400 80 0.271078 28.0311 8.3662
400 90 0.210879 27.4864 7.82896
400 90 0.23633 26.038 7.66402
400 90 0.223818 27.2492 7.7598
400 90 0.205329 26.1104 7.78799
400 90 0.200652 27.5707 7.88276
400 90 0.180376 27.5514 7.88643
400 90 0.185599 28.4676 8.01981
400 90 0.209799 27.9255 7.82157
400 90 0.224469 27.0041 7.74193
400 90 0.188923 27.0999 7.92752
400 100 0.0903787 14.5748 5.81143
400 100 0.0899545 12.9633 5.33791
400 100 0.0862341 13.4015 5.47345
400 100 0.0741306 16.2901 6.31837
400 100 0.0866513 18.5668 6.53153
400 100 0.0969679 12.4221 5.09685
400 100 0.0692794 18.5551 6.74736
400 100 0.0827675 15.8027 6.14466
400 100 0.0873221 13.0266 5.40578
400 100 0.0919751 14.674 5.75154
400 110 0.126064 6.9733 3.12635
400 110 0.138148 7.18494 3.15841
400 110 0.135575 7.13129 3.10677
400 110 0.131655 7.16751 3.1172
400 110 0.138061 7.10198 3.13566
400 110 0.124132 7.076 3.11693
400 110 0.126083 6.90728 3.09283
400 110 0.122382 7.04691 3.13868
400 110 0.112237 7.00035 3.10759
400 110 0.123284 6.90021 3.10921
400 120 0.119945 6.68379 3.01654
400 120 0.149694 6.92697 3.0653
400 120 0.141503 6.85839 3.05739
400 120 0.126837 6.64668 3.01975
400 120 0.131953 6.61481 3.02367
400 120 0.139238 6.79405 3.05749
400 120 0.12599 6.5454 3.03562
400 120 0.146495 6.79042 3.06128
400 120 0.154973 6.77386 3.01593
400 120 0.139408 6.85613 3.04344
450 10 0.863462 139.725 48.901
450 10 0.905309 167.213 50.8738
450 10 0.683615 137.237 49.0403
450 10 0.885948 134.39 47.346
450 10 0.873774 139.131 47.742
450 10 0.95931 132.283 48.1515
450 10 0.960937 148.101 48.5732
450 10 0.922073 131.171 46.2233
450 10 0.859888 115.771 43.0142
450 10 0.784079 119.785 44.5854
450 20 0.730652 80.7163 26.4076
450 20 0.83963 76.3944 25.3844
450 20 0.946092 83.391 26.3958
450 20 0.788526 82.7098 26.3491
450 20 0.852822 82.8869 26.2442
450 20 0.860332 77.2056 25.0671
450 20 0.77795 79.8397 26.093
450 20 1.00825 87.134 26.7908
450 20 0.889521 73.7037 24.576
450 20 0.79408 77.4702 25.6291
450 30 0.71514 54.1961 17.3528
450 30 0.732262 59.6974 17.8411
450 30 0.708654 52.5983 17.0509
450 30 0.659246 55.0576 17.6363
450 30 0.711573 54.4406 17.322
450 30 0.70004 52.6696 17.0104
450 30 0.738924 57.0232 17.8515
450 30 0.702163 52.6708 17.2925
450 30 0.849608 62.7544 17.8506
450 30 0.764163 54.8788 17.2755
450 40 0.664077 51.9684 14.3099
450 40 0.592244 43.2417 14.1664
450 40 0.726898 49.1487 14.314
450 40 0.571912 47.23 14.5708
450 40 0.64165 43.7996 14.0805
450 40 0.630215 42.271 13.7068
450 40 0.7099 54.5061 14.4732
450 40 0.584785 44.0654 14.1685
450 40 0.720852 45.1063 13.8071
450 40 0.622842 44.0668 13.8556
450 50 0.520294 42.973 12.2556
450 50 0.594977 42.5475 12.0489
450 50 0.649879 43.2604 12.2403
450 50 0.576374 44.4546 12.3754
450 50 0.578867 44.9737 12.3588
450 50 0.495887 39.0986 12.1523
450 50 0.585822 44.2954 12.2692
450 50 0.645008 46.3384 12.2245
450 50 0.556239 43.4896 12.224
450 50 0.536684 39.6647 12.1563
450 60 0.507863 41.1971 10.987
450 60 0.480445 39.1129 10.888
450 60 0.531441 41.2182 10.822
450 60 0.421064 39.4648 11.1078
450 60 0.493807 38.269 10.7018
450 60 0.40497 38.98 11.0198
450 60 0.453623 43.257 11.031
450 60 0.468603 37.9257 10.8408
450 60 0.431323 41.8411 11.1398
450 60 0.451143 43.7493 10.9239
450 70 0.393891 32.3589 9.51286
450 70 0.361071 32.8188 9.73382
450 70 0.467713 34.8429 9.62666
450 70 0.452087 33.787 9.65771
450 70 0.418986 32.5397 9.57457
450 70 0.402731 31.2613 9.66803
450 70 0.375349 32.4869 9.68294
450 70 0.404918 32.7173 9.6957
450 70 0.405159 31.6924 9.51353
450 70 0.418793 32.4762 9.57724
450 80 0.305114 29.96 8.79159
450 80 0.310408 29.0399 8.84259
450 80 0.308538 29.8293 8.90364
450 80 0.306765 28.803 8.84709
450 80 0.32138 31.2083 8.78972
450 80 0.313128 30.7642 8.88611
450 80 0.295904 31.0892 8.96759
450 80 0.310311 30.3476 8.86225
450 80 0.300197 30.0971 8.84404
450 80 0.29444 31.0457 8.92908
450 90 0.25064 30.1429 8.39023
450 90 0.253881 28.7036 8.34258
450 90 0.240384 29.9944 8.38214
450 90 0.248027 30.0655 8.38324
450 90 0.257972 28.9046 8.34976
450 90 0.239617 29.6907 8.41804
450 90 0.242413 30.4574 8.4993
450 90 0.25076 29.2928 8.36288
450 90 0.240942 29.4362 8.42132
450 90 0.272753 27.434 8.01589
450 100 0.254001 28.2993 8.21851
450 100 0.253464 26.785 8.04211
450 100 0.24558 28.6226 8.24078
450 100 0.273988 26.4035 7.89533
450 100 0.233172 28.2601 8.17448
450 100 0.250967 28.1041 8.19094
450 100 0.248629 28.6138 8.12817
450 100 0.233948 28.6059 8.24144
450 100 0.288804 26.8328 7.99616
450 100 0.260243 26.5624 7.9095
450 110 0.786169 14.2597 4.32372
450 110 0.797478 14.4074 4.36482
450 110 0.746384 13.9256 4.32876
450 110 0.753513 14.2259 4.32648
450 110 0.795193 14.2807 4.32777
450 110 0.793526 14.1455 4.31331
450 110 0.72019 13.883 4.33658
450 110 0.738874 14.0737 4.33073
450 110 0.736969 13.7694 4.31978
450 110 0.727359 13.8979 4.3303
450 120 0.840276 13.2482 4.2396
450 120 0.871828 13.6332 4.22952
450 120 0.78973 13.0143 4.23535
450 120 0.799396 13.083 4.24932
450 120 0.849789 13.2656 4.21199
450 120 0.84055 13.4522 4.23909
450 120 0.821969 13.0997 4.23339
450 120 0.898604 13.9295 4.22127
450 120 0.793732 13.012 4.22894
450 120 0.839408 13.2802 4.22481
500 10 0.890072 174.28 57.6909
500 10 0.801263 155.957 53.6573
500 10 0.857264 136.186 51.368
500 10 0.915043 152.76 54.0007
500 10 0.899729 181.789 58.1224
500 10 0.786752 151.083 55.2339
500 10 0.881715 167.099 56.9301
500 10 0.872335 164.235 56.6394
500 10 0.956175 173.386 58.3878
500 10 0.780403 178.209 59.0983
500 20 0.877092 81.4948 27.7939
500 20 0.816943 81.8531 27.9374
500 20 0.82699 83.3845 28.4643
500 20 0.841203 77.5285 27.6429
500 20 0.881255 85.6174 29.2845
500 20 0.821962 80.7991 28.2849
500 20 0.820556 80.0923 28.2365
500 20 0.805051 84.0724 28.7501
500 20 0.830525 82.0281 28.4381
500 20 0.792671 83.3625 28.4299
500 30 0.816172 60.2243 19.3041
500 30 0.895213 62.0945 19.8182
500 30 0.736201 64.0272 19.8063
500 30 0.783951 61.1614 19.9115
500 30 0.796681 58.4081 19.0922
500 30 0.748476 58.9383 19.5105
500 30 0.739823 59.1667 19.1532
500 30 0.825399 59.4626 19.344
500 30 0.764397 55.7244 18.5946
500 30 0.78882 59.2904 19.2377
500 40 0.682586 45.5372 15.219
500 40 0.724974 53.4027 15.6535
500 40 0.665822 46.7081 15.4437
500 40 0.656093 50.0425 15.5434
500 40 0.602626 47.4257 15.8995
500 40 0.619117 50.8819 15.861
500 40 0.631869 48.3874 15.4072
500 40 0.668988 50.1889 15.6302
500 40 0.906042 69.1558 16.4046
500 40 0.847874 61.1533 16.1318
500 50 0.595232 47.4934 13.5398
500 50 0.626876 45.5381 13.2269
500 50 0.6146 41.1217 12.9207
500 50 0.595436 42.5731 13.3314
500 50 0.543084 46.0811 13.4745
500 50 0.661314 49.3387 13.4161
500 50 0.83036 51.5598 13.5952
500 50 0.60888 49.1311 13.5001
500 50 0.616212 43.3937 13.2895
500 50 0.704742 45.4956 13.076
500 60 0.506592 46.3844 12.1948
500 60 0.483279 40.5634 11.8124
500 60 0.456284 42.3198 11.9351
500 60 0.480664 39.72 11.6888
500 60 0.508679 45.0435 12.0156
500 60 0.477118 45.1559 12.026
500 60 0.516008 42.7737 11.9127
500 60 0.49059 42.9749 11.8466
500 60 0.495836 44.2728 11.9999
500 60 0.577493 44.7115 11.7987
500 70 0.462735 35.051 10.4056
500 70 0.493102 35.6982 10.3073
500 70 0.476851 37.7887 10.5931
500 70 0.463943 34.6242 10.5489
500 70 0.463709 35.9338 10.4794
500 70 0.431007 35.7094 10.692
500 70 0.472858 35.2984 10.6182
500 70 0.495128 37.0456 10.6265
500 70 0.452514 36.0888 10.6088
500 70 0.449163 35.396 10.4693
500 80 0.361898 32.7507 9.7501
500 80 0.394679 32.3362 9.49919
500 80 0.408228 33.5362 9.40045
500 80 0.423259 34.0143 9.62398
500 80 0.356569 32.5669 9.68539
500 80 0.398803 31.5744 9.54985
500 80 0.404414 31.5056 9.46428
500 80 0.362628 34.0858 9.66644
500 80 0.36356 36.8718 9.84979
500 80 0.398517 33.4808 9.56073
500 90 0.306303 31.3002 9.00342
500 90 0.309918 31.8652 9.05013
500 90 0.328516 30.8328 8.8499
500 90 0.28215 31.3973 8.94847
500 90 0.292754 32.8375 9.06903
500 90 0.32616 30.8055 9.02184
500 90 0.305519 31.8377 9.14017
500 90 0.298489 30.1759 9.02268
500 90 0.330865 31.0649 8.91266
500 90 0.301831 32.7162 9.15556
500 100 0.313835 30.0054 8.86471
500 100 0.323976 29.7612 8.91155
500 100 0.289454 29.3735 8.97176
500 100 0.322782 29.8367 8.94586
500 100 0.366736 29.1105 8.74417
500 100 0.321557 30.6882 8.89171
500 100 0.341478 28.4567 8.55644
500 100 0.317656 27.7726 8.63557
500 100 0.319647 28.9357 8.84717
500 100 0.358555 28.1903 8.68415
500 110 0.845059 15.3459 4.73383
500 110 0.842694 15.3059 4.73372
500 110 0.861843 15.4777 4.73692
500 110 0.872237 15.2149 4.71355
500 110 0.883387 15.5752 4.71538
500 110 0.784482 15.0165 4.75345
500 110 0.820914 15.3342 4.7685
500 110 0.894265 15.6595 4.72056
500 110 0.905532 15.769 4.73298
500 110 0.890144 15.6263 4.73368
500 120 0.957854 14.5149 4.63419
500 120 0.875986 14.1336 4.63591
500 120 0.866535 13.9793 4.61726
500 120 0.915404 14.3771 4.61952
500 120 0.936864 14.3923 4.64074
500 120 0.908323 14.3041 4.61412
500 120 0.91341 14.2206 4.61345
500 120 0.898751 14.166 4.62512
500 120 0.88339 14.0645 4.61409
500 120 0.873032 14.019 4.61238
