Usuarios,Bitrate,LatenciaMedia,LatenciaError95,JitterMedio,JitterError95,PerdidaMedia,PerdidaError95
100,10,61.0537,2.92798,12.0533,0.168744,0.546796,0.0720734
100,20,31.3989,0.762712,7.65581,0.0571154,0.224199,0.0099335
100,30,1.26437,0.089529,0.579846,0.0245624,0,0
100,40,0.896461,0.0456695,0.346766,0.0100143,0,0
100,50,0.698505,0.0193073,0.292087,0.0143396,0,0
100,60,0.611556,0.0276507,0.248841,0.0111004,0,0
100,70,0.572521,0.0284723,0.199604,0.00433774,0,0
100,80,0.489471,0.0206383,0.186672,0.0073802,0,0
100,90,0.496465,0.0161306,0.174962,0.000945034,0,0
100,100,0.461407,0.0226061,0.174457,0.0037696,0,0
100,110,0.455382,0.0148999,0.167024,0.00382219,0,0
100,120,0.432507,0.0162954,0.163325,0.00376337,0,0
150,10,71.7834,2.01107,17.0584,0.141745,0.671181,0.0317392
150,20,41.4281,0.936349,10.1459,0.113602,0.456959,0.0220303
150,30,30.076,0.625504,7.89889,0.0447638,0.25917,0.00668159
150,40,1.94798,0.0894494,1.14259,0.0697045,0,0
150,50,1.10772,0.0395716,0.461677,0.0153668,0,0
150,60,0.945571,0.042202,0.368572,0.0108992,0,0
150,70,0.86501,0.0331327,0.323141,0.00661437,0,0
150,80,0.741472,0.0347689,0.286398,0.0103572,0,0
150,90,0.694503,0.0234518,0.265194,0.00833554,0,0
150,100,0.676333,0.0252431,0.257568,0.00849769,0,0
150,110,0.642242,0.0236746,0.257872,0.00827856,0,0
150,120,0.655882,0.0235919,0.253748,0.00851346,0,0
200,10,88.8695,6.60706,22.8338,0.430098,0.865199,0.140873
200,20,51.4756,1.66362,12.8921,0.121617,0.612514,0.0514181
200,30,38.391,0.746371,9.87442,0.0419602,0.437874,0.0211673
200,40,28.9373,0.64553,8.16109,0.0705958,0.258213,0.00967787
200,50,7.11092,0.404378,3.73765,0.19028,0,0
200,60,1.36986,0.0650326,0.656498,0.0399782,0,0
200,70,1.13886,0.0617075,0.451501,0.011276,0,0
200,80,0.994701,0.0485823,0.395238,0.0153656,0,0
200,90,0.927744,0.0359739,0.357659,0.0115048,0,0
200,100,0.878326,0.0309606,0.34934,0.00707682,0,0
200,110,0.845717,0.0273688,0.359706,0.0100669,0,0
200,120,0.858849,0.0270128,0.349549,0.00670132,0,0
250,10,94.0958,9.33533,26.7333,1.14947,0.818545,0.0696458
250,20,56.9093,2.7934,14.8314,0.253734,0.702169,0.0735352
250,30,42.0962,1.86356,11.1961,0.0914364,0.515392,0.0241281
250,40,33.6761,0.412457,9.16379,0.0731822,0.372334,0.00771593
250,50,28.7003,0.366304,7.81123,0.0533128,0.277135,0.00795148
250,60,21.8647,0.51637,6.86429,0.0598923,0.0681339,0.0092557
250,70,1.58981,0.0719485,0.737826,0.0490014,0,0
250,80,1.26271,0.0440869,0.483093,0.0102462,0,0
250,90,1.15077,0.0468304,0.441126,0.00990838,0,0
250,100,1.08232,0.0355447,0.43736,0.00446735,0,0
250,110,1.02036,0.0386917,0.441033,0.010094,0,0
250,120,1.0535,0.0247012,0.441527,0.0080699,0,0
300,10,93.0796,3.74469,30.0114,0.751403,0.782464,0.0377773
300,20,62.2976,3.99304,16.9222,0.315316,0.793683,0.0824993
300,30,47.5012,3.09725,12.9357,0.125895,0.598633,0.0544111
300,40,38.0049,1.69172,10.5107,0.0763124,0.502951,0.0384984
300,50,32.2659,0.507053,8.93839,0.0572421,0.368118,0.0203089
300,60,29.9448,0.590718,8.04418,0.071505,0.259029,0.0108474
300,70,22.3929,0.53032,7.18643,0.0494341,0.139667,0.0115577
300,80,1.91657,0.0772516,1.03962,0.0540812,0,0
300,90,1.4391,0.0578456,0.621684,0.0282874,0,0
300,100,1.31987,0.0302365,0.594573,0.0243001,0,0
300,110,1.30537,0.0362683,0.601091,0.00863938,0,0
300,120,1.27557,0.0361756,0.600995,0.0130682,0,0
350,10,114.231,23.5605,36.0804,2.83024,0.791172,0.0222532
350,20,64.2733,1.94274,19.517,0.304827,0.768477,0.034311
350,30,48.6464,1.38278,14.4225,0.119374,0.640274,0.0306048
350,40,42.0063,1.38162,11.9334,0.0977904,0.548972,0.0190053
350,50,37.2706,1.19297,10.1575,0.0639959,0.467731,0.0274668
350,60,34.3965,1.20544,9.10521,0.106807,0.318137,0.0141087
350,70,26.7711,0.374328,8.11565,0.0430162,0.264042,0.00611397
350,80,24.4747,0.576458,7.45404,0.0488876,0.177925,0.0123251
350,90,2.74948,0.139368,1.67902,0.0456074,0,0
350,100,1.95647,0.0854711,1.13836,0.0435234,0,0
350,110,1.74479,0.0485754,1.05839,0.030521,0,0
350,120,1.7561,0.0426988,1.05793,0.0184118,0,0
400,10,136.821,16.2989,44.2896,2.79277,0.8375,0.0625619
400,20,76.2094,3.12435,23.4449,0.392427,0.789078,0.0636554
400,30,58.1297,3.0196,16.6168,0.223715,0.717258,0.0411083
400,40,45.5119,2.66361,13.18,0.134597,0.639428,0.0779305
400,50,39.0245,1.16986,11.2536,0.107367,0.527647,0.0202184
400,60,37.89,1.59855,10.0976,0.115012,0.411941,0.0180626
400,70,29.8654,0.512881,8.98074,0.0942337,0.330932,0.0132243
400,80,28.2065,0.485269,8.32005,0.0629485,0.26614,0.00774128
400,90,27.2503,0.535237,7.83208,0.0729214,0.206617,0.0130736
400,100,15.0277,1.60289,5.86189,0.39571,0.0855661,0.00594687
400,110,7.04898,0.0727743,3.12096,0.0137002,0.127762,0.00583578
400,120,6.74905,0.0871714,3.03964,0.0141813,0.137604,0.00805974
450,10,136.481,10.2706,47.4451,1.64492,0.86984,0.0597229
450,20,80.1452,2.87362,25.8937,0.502412,0.848785,0.0595552
450,30,55.5987,2.38801,17.4484,0.231533,0.728177,0.0363326
450,40,46.5404,2.93108,14.1453,0.205095,0.646538,0.0409421
450,50,43.1096,1.60962,12.2305,0.0692525,0.574003,0.0354483
450,60,40.5015,1.4673,10.9462,0.0977351,0.464428,0.028532
450,70,32.6981,0.71969,9.62431,0.054862,0.41007,0.0228904
450,80,30.2184,0.601421,8.86637,0.0405178,0.306619,0.0058336
450,90,29.4122,0.637902,8.35654,0.0914754,0.249739,0.00731184
450,100,27.7089,0.670448,8.10374,0.095569,0.25428,0.0121442
450,110,14.0869,0.150269,4.33023,0.00982283,0.759566,0.0217285
450,120,13.3018,0.211451,4.23133,0.00753771,0.834528,0.0248777
500,10,163.498,10.2576,56.1129,1.77373,0.864075,0.0415578
500,20,82.0233,1.62594,28.3262,0.341516,0.831425,0.0203712
500,30,59.8498,1.60316,19.3772,0.287275,0.789513,0.0344537
500,40,52.2884,5.28526,15.7194,0.256716,0.700599,0.0715175
500,50,46.1726,2.34351,13.337,0.153675,0.639674,0.0567338
500,60,43.392,1.51741,11.9231,0.103272,0.499254,0.0233237
500,70,35.8634,0.672052,10.5349,0.0842857,0.466101,0.0140204
500,80,33.2723,1.11663,9.60502,0.0981399,0.387256,0.0170251
500,90,31.4833,0.604762,9.01739,0.0682437,0.308251,0.0114716
500,100,29.2131,0.644194,8.80531,0.101345,0.327568,0.0161046
500,110,15.4325,0.164904,4.73426,0.011977,0.860056,0.0267743
500,120,14.2171,0.126444,4.62268,0.00760508,0.902955,0.0210667
